      0/99     1.51G    0.0136  0.003565         0   0.02744  0.001767   0.04638         4       640    0.9408    0.8802    0.9211    0.7429   0.01278  0.001988         0
      1/99     1.59G   0.01429  0.003615         0   0.02642  0.001807   0.04613         2       640    0.9269    0.8802    0.9214    0.7317   0.01337   0.00201         0
      2/99     1.59G   0.01479  0.003712         0   0.02452   0.00188    0.0449         0       640    0.9265    0.8708    0.9229    0.7364   0.01322  0.002074         0
      3/99     1.59G   0.01636  0.003777         0   0.02264  0.001834    0.0446         2       640    0.8114    0.8523    0.8397    0.6591   0.01518  0.002291         0
      4/99     1.59G   0.01849  0.003866         0   0.02141  0.002008   0.04577         3       640    0.8749     0.871    0.9043    0.6889    0.0187  0.002541         0
      5/99     1.59G   0.02215  0.004183         0   0.02049  0.001876   0.04871         2       640    0.7493    0.4839    0.4557    0.3733   0.03187   0.00513         0
      6/99     1.59G   0.02399  0.004763         0   0.01887  0.001923   0.04954         2       640    0.9296    0.7972    0.8965    0.6699   0.02106  0.002467         0
      7/99     1.59G   0.02095  0.004652         0   0.01563  0.001971   0.04321         2       640    0.9255    0.8013    0.8892    0.6328   0.01869   0.00239         0
      8/99     1.59G   0.02274  0.004613         0   0.01292  0.002176   0.04246         4       640    0.8826     0.797    0.8783    0.6175   0.01951  0.002684         0
      9/99     1.59G   0.02199  0.004605         0   0.01129  0.002079   0.03997         1       640    0.9343    0.7926    0.8958    0.6473   0.01763  0.002529         0
     10/99     1.59G   0.02314  0.004637         0  0.009693  0.001938    0.0394         4       640    0.9119    0.8109    0.8856     0.629   0.01753  0.002473         0
     11/99     1.59G   0.02081   0.00461         0  0.008845  0.001905   0.03617         3       640     0.902    0.8058    0.8829    0.6454   0.01762  0.002422         0
     12/99     1.59G   0.02018  0.004341         0  0.008144  0.001966   0.03464         1       640    0.8989    0.8618    0.8929    0.6747   0.01617  0.002328         0
     13/99     1.59G   0.02086  0.004369         0  0.008329  0.002033   0.03559         4       640     0.885    0.8156    0.8804    0.6525   0.01736  0.002373         0
     14/99     1.59G   0.02122   0.00444         0  0.008219  0.002183   0.03606         2       640    0.8803    0.8157    0.8725    0.6465   0.01641  0.002818         0
     15/99     1.59G   0.02105  0.004468         0  0.008223  0.002029   0.03577         1       640    0.8714    0.8741    0.8983    0.6761   0.01622  0.002323         0
     16/99     1.59G    0.0202  0.004312         0  0.007738  0.001966   0.03422         3       640    0.9297    0.7926     0.882    0.6597   0.01759  0.002352         0
     17/99     1.59G      0.02  0.004464         0  0.007617  0.002049   0.03413         1       640    0.9194    0.8065     0.883    0.6454   0.01797  0.002577         0
     18/99     1.59G   0.02099    0.0046         0  0.008056   0.00203   0.03567         3       640    0.6372    0.7696    0.5968     0.434   0.02248  0.003292         0
     19/99     1.59G   0.02059  0.004686         0  0.008293  0.001919   0.03549         1       640    0.9069    0.7189    0.8531    0.6444   0.01758   0.00276         0
     20/99     1.59G   0.02248  0.004962         0  0.008425  0.002053   0.03792         1       640    0.8985    0.7834    0.8899    0.6787   0.01655  0.002365         0
     21/99     1.59G   0.02061  0.004745         0  0.007934  0.001716   0.03501         3       640    0.9105    0.7969    0.8742    0.6235   0.01809  0.002277         0
     22/99     1.59G   0.02065  0.004566         0  0.007674  0.001836   0.03472         2       640    0.7709    0.8065    0.8469    0.6396   0.01746  0.002539         0
     23/99     1.59G    0.0196   0.00439         0  0.007351  0.001752   0.03309         3       640    0.8378    0.8571    0.8913    0.6649   0.01573  0.002241         0
     24/99     1.59G   0.02058  0.004644         0  0.007328  0.001866   0.03442         2       640    0.8997    0.8341    0.8952    0.6791   0.01637  0.002254         0
     25/99     1.59G   0.02039  0.004299         0  0.007118  0.001767   0.03358         2       640    0.9069    0.8524    0.9087    0.6493   0.01662  0.002185         0
     26/99     1.59G   0.01988  0.004262         0  0.007415  0.001912   0.03347         4       640    0.8737    0.7696    0.8481      0.63   0.01817  0.002845         0
     27/99     1.59G   0.01817  0.004148         0  0.007081  0.001949   0.03135         2       640    0.9553    0.7879     0.909    0.6881   0.01574  0.002224         0
     28/99     1.59G   0.02018  0.004309         0  0.006872  0.001847    0.0332         1       640     0.879     0.871    0.9047    0.6789    0.0154  0.002157         0
     29/99     1.59G   0.01795  0.004002         0   0.00675  0.001814   0.03051         2       640    0.8847    0.8525    0.9014    0.7031   0.01453  0.002213         0
     30/99     1.59G    0.0182  0.004201         0  0.007003  0.001861   0.03127         2       640    0.8624    0.8663    0.9012    0.6856   0.01532  0.002236         0
     31/99     1.59G   0.01997  0.004335         0  0.006992  0.001717   0.03301         1       640    0.8695    0.8292    0.9021    0.7011   0.01524  0.002132         0
     32/99     1.59G   0.01853  0.004198         0  0.006845  0.001813   0.03138         1       640    0.8962    0.8751    0.9256    0.7006   0.01593  0.002179         0
     33/99     1.59G   0.01814  0.003924         0  0.006486  0.001646   0.03019         4       640     0.891    0.8664    0.9088    0.7046   0.01586  0.002153         0
     34/99     1.59G   0.01772  0.004118         0  0.006807  0.001885   0.03053         4       640    0.8742    0.7097    0.8158    0.6368   0.02003  0.002607         0
     35/99     1.59G   0.01682  0.003902         0  0.006316  0.001721   0.02876         3       640    0.9057    0.8433    0.9194    0.7169   0.01402  0.002149         0
     36/99     1.59G   0.01674  0.004074         0  0.006291  0.001812   0.02892         3       640    0.9159    0.8618    0.9111    0.7115   0.01426  0.002058         0
     37/99     1.59G   0.01759  0.003912         0  0.006198  0.001807    0.0295         2       640    0.8909    0.8664    0.9124    0.6791   0.01563  0.002136         0
     38/99     1.59G   0.01753  0.003961         0  0.006161   0.00165    0.0293         3       640    0.8571    0.8845    0.9071    0.7186   0.01454    0.0021         0
     39/99     1.59G   0.01686  0.003899         0  0.006463  0.001801   0.02902         3       640    0.8301    0.8571    0.8943     0.721   0.01438  0.002226         0
     40/99     1.59G    0.0171  0.004123         0  0.006559  0.001834   0.02961         4       640    0.9162     0.857    0.9278    0.7286   0.01435  0.002051         0
     41/99     1.59G   0.01642  0.003936         0  0.006358   0.00171   0.02842         2       640    0.9234    0.8892    0.9321    0.7315   0.01421  0.002011         0
     42/99     1.59G   0.01665  0.003804         0  0.006183  0.001672   0.02831         1       640    0.9036    0.8664    0.9103    0.7199   0.01417  0.002104         0
     43/99     1.59G   0.01589  0.003892         0  0.006165  0.001731   0.02768         3       640    0.9139    0.8801     0.916    0.7259   0.01399  0.001946         0
     44/99     1.59G   0.01656  0.003931         0  0.006159  0.001521   0.02817         1       640    0.8897    0.8571     0.903    0.6853   0.01502  0.002052         0
     45/99     1.59G   0.01685  0.004029         0  0.006146  0.001739   0.02876         4       640    0.9265    0.8756    0.9232    0.7191    0.0141  0.002003         0
     46/99     1.59G   0.01599  0.003834         0  0.006169  0.001744   0.02773         1       640    0.9032    0.9032    0.9296    0.7229   0.01378     0.002         0
     47/99     1.59G   0.01529  0.003772         0  0.005897  0.001607   0.02656         4       640    0.9275    0.8847    0.9292    0.7301   0.01378   0.00191         0
     48/99     1.59G    0.0158  0.003951         0   0.00628  0.001816   0.02784         1       640    0.8986    0.8985    0.9267    0.7226   0.01385  0.001946         0
     49/99     1.59G   0.01512  0.003773         0   0.00588  0.001581   0.02636         4       640    0.9523    0.8387    0.9298    0.7258   0.01339  0.001966         0
     50/99     1.59G   0.01467  0.003672         0  0.005713  0.001712   0.02577         1       640    0.9153    0.8986    0.9307    0.7262   0.01377  0.001928         0
     51/99     1.59G   0.01437  0.003701         0  0.005486  0.001371   0.02493         2       640    0.9036    0.9075    0.9282    0.7308   0.01361  0.001965         0
     52/99     1.59G   0.01479  0.003757         0  0.005619  0.001651   0.02582         3       640    0.9129     0.871    0.9162     0.733   0.01311  0.001988         0
     53/99     1.59G   0.01477  0.003713         0  0.005675  0.001673   0.02583         1       640    0.9345    0.8571    0.9205    0.7361   0.01299  0.001937         0
     54/99     1.59G   0.01481  0.003464         0   0.00578  0.001611   0.02566         4       640    0.8962    0.8749    0.9129    0.7296   0.01309  0.001928         0
     55/99     1.59G   0.01461   0.00372         0   0.00582  0.001562   0.02571         4       640     0.875    0.8709    0.9004    0.7206   0.01354   0.00203         0
     56/99     1.59G   0.01453  0.003608         0  0.005722  0.001506   0.02537         3       640    0.8684     0.912    0.9255    0.7271   0.01406  0.002013         0
     57/99     1.59G   0.01459  0.003615         0  0.005601  0.001487    0.0253         4       640    0.9089    0.8756    0.9263    0.7445   0.01275  0.001963         0
     58/99     1.59G   0.01394  0.003485         0  0.005706   0.00163   0.02476         0       640    0.8991     0.903    0.9298     0.739   0.01275  0.001917         0
     59/99     1.59G   0.01443  0.003534         0   0.00553  0.001592   0.02509         4       640    0.9202     0.903    0.9284    0.7354   0.01318  0.001914         0
     60/99     1.59G   0.01404  0.003592         0  0.005542  0.001553   0.02473         3       640    0.9167    0.9124    0.9341    0.7453   0.01284  0.001908         0
     61/99     1.59G   0.01466  0.003709         0  0.005466  0.001644   0.02548         4       640    0.9416    0.8922    0.9199    0.7217   0.01329  0.001913         0
     62/99     1.59G    0.0139  0.003334         0  0.005396  0.001503   0.02414         3       640    0.9429    0.9124    0.9348    0.7401   0.01279  0.001899         0
     63/99     1.59G    0.0136  0.003487         0  0.005725  0.001624   0.02443         4       640    0.9406    0.8751    0.9293    0.7457   0.01267  0.001916         0
     64/99     1.59G   0.01373  0.003439         0  0.005319  0.001456   0.02395         4       640    0.9372     0.894    0.9322    0.7429   0.01245  0.001913         0
     65/99     1.59G   0.01313  0.003323         0  0.005324  0.001649   0.02342         2       640    0.9378    0.9032    0.9381     0.736   0.01265  0.001865         0
     66/99     1.59G   0.01272  0.003384         0   0.00519  0.001389   0.02268         2       640    0.9217    0.9217    0.9367    0.7474   0.01259  0.001859         0
     67/99     1.59G   0.01357  0.003347         0  0.005589   0.00155   0.02406         2       640    0.9041    0.9123    0.9322    0.7469   0.01223  0.001887         0
     68/99     1.59G   0.01312  0.003367         0  0.005296  0.001536   0.02332         3       640    0.9306    0.9262    0.9345     0.747   0.01205  0.001852         0
     69/99     1.59G   0.01312  0.003282         0  0.005348  0.001448   0.02319         1       640    0.9291    0.9078    0.9245    0.7361    0.0124  0.001888         0
     70/99     1.59G    0.0126  0.003193         0  0.005199  0.001514    0.0225         0       640    0.9569    0.9214    0.9428    0.7501   0.01221  0.001844         0
     71/99     1.59G   0.01278  0.003311         0  0.005266  0.001446    0.0228         2       640    0.9519    0.9122    0.9335    0.7443   0.01233  0.001858         0
     72/99     1.59G   0.01256  0.003191         0  0.005164  0.001324   0.02224         1       640    0.9561    0.9078    0.9393    0.7554   0.01225  0.001833         0
     73/99     1.59G    0.0122  0.003002         0  0.004929  0.001503   0.02163         4       640    0.9454    0.8848    0.9357    0.7536   0.01235  0.001856         0
     74/99     1.59G   0.01311  0.003307         0  0.005182  0.001539   0.02313         1       640    0.9366    0.8847    0.9319    0.7494   0.01218  0.001842         0
     75/99     1.59G   0.01245  0.003147         0   0.00514  0.001448   0.02219         4       640    0.9339    0.9122    0.9399    0.7545   0.01209  0.001825         0
     76/99     1.59G   0.01275    0.0034         0  0.005438  0.001561   0.02315         3       640     0.912    0.9078    0.9329    0.7467   0.01236  0.001854         0
     77/99     1.59G   0.01219  0.003172         0  0.005013  0.001433    0.0218         1       640    0.8838    0.9171    0.9305    0.7482   0.01222   0.00184         0
     78/99     1.59G   0.01227  0.003099         0  0.005193  0.001478   0.02205         1       640    0.9035    0.9078     0.934    0.7521   0.01243  0.001855         0
     79/99     1.59G   0.01268   0.00332         0  0.005215  0.001389   0.02261         3       640     0.912    0.9124    0.9382    0.7515    0.0121   0.00186         0
     80/99     1.59G   0.01236   0.00331         0  0.005142  0.001554   0.02237         3       640    0.9257    0.9217    0.9428    0.7477   0.01235  0.001837         0
     81/99     1.59G   0.01221  0.003211         0  0.005051  0.001537   0.02201         4       640     0.942    0.8986    0.9374    0.7628   0.01176  0.001794         0
     82/99     1.59G   0.01238  0.003269         0  0.005081  0.001479   0.02221         4       640     0.956    0.9032    0.9428    0.7562   0.01196  0.001791         0
     83/99     1.59G   0.01192  0.003105         0  0.004954   0.00132    0.0213         2       640     0.951     0.894    0.9368    0.7553   0.01174  0.001809         0
     84/99     1.59G   0.01191  0.003228         0  0.004976  0.001563   0.02168         1       640    0.9255    0.9171    0.9399    0.7554   0.01174  0.001762         0
     85/99     1.59G   0.01233  0.003186         0  0.004878  0.001449   0.02184         4       640    0.9308    0.9309    0.9425    0.7568   0.01162  0.001768         0
     86/99     1.59G   0.01174  0.003203         0  0.004939  0.001279   0.02116         2       640    0.9392    0.9261    0.9371    0.7563   0.01187  0.001786         0
     87/99     1.59G   0.01146  0.003092         0  0.004869  0.001451   0.02088         1       640    0.9565    0.9124    0.9447    0.7643   0.01165  0.001774         0
     88/99     1.59G   0.01195  0.003253         0   0.00517  0.001492   0.02187         3       640    0.9563    0.9076    0.9405     0.763   0.01189   0.00179         0
     89/99     1.59G   0.01213  0.003239         0  0.005297  0.001486   0.02216         2       640     0.944    0.9355    0.9446    0.7586   0.01183  0.001785         0
     90/99     1.59G   0.01213  0.003198         0   0.00516   0.00153   0.02202         3       640    0.9658    0.9124    0.9454    0.7629   0.01172  0.001776         0
     91/99     1.59G   0.01223   0.00322         0  0.005155  0.001373   0.02197         2       640    0.9699     0.894    0.9457    0.7614   0.01182  0.001795         0
     92/99     1.59G   0.01186  0.003293         0  0.004871   0.00143   0.02145         2       640     0.942    0.8986    0.9364     0.762    0.0117  0.001786         0
     93/99     1.59G   0.01167  0.003135         0  0.004691   0.00133   0.02083         1       640    0.9606    0.8985    0.9443    0.7516   0.01188  0.001781         0
     94/99     1.59G   0.01185   0.00309         0  0.005076  0.001468   0.02148         1       640    0.9355    0.9354     0.947    0.7624   0.01186  0.001791         0
     95/99     1.59G   0.01196  0.003173         0  0.005054  0.001446   0.02163         1       640    0.9432    0.9217    0.9455    0.7597   0.01176  0.001802         0
     96/99     1.59G   0.01194   0.00316         0   0.00503  0.001383   0.02151         4       640    0.9431     0.917    0.9454     0.764   0.01164  0.001781         0
     97/99     1.59G   0.01158  0.003258         0  0.004868   0.00134   0.02105         2       640    0.9256    0.9263    0.9456    0.7629   0.01174  0.001786         0
     98/99     1.59G   0.01229  0.003045         0  0.005026  0.001426   0.02179         1       640    0.9695    0.8848    0.9455    0.7588   0.01186  0.001793         0
     99/99     1.59G   0.01182  0.003108         0  0.004905  0.001165     0.021         1       640    0.9437    0.9261    0.9459    0.7629   0.01178  0.001783         0
